2

0 8 0 0 0 0 0 2 0
0 0 0 0 0 1 0 0 0
2 0 0 0 0 0 0 9 0
0 0 2 4 0 0 0 0 0
9 0 0 0 0 0 6 4 3
0 4 0 0 8 3 0 5 0
1 0 0 3 0 0 0 0 8
4 0 0 0 0 8 0 3 0
0 0 0 0 0 6 0 0 0

20 1 1 1 2 1 3
10 1 4 1 5
9 1 6 2 6 2 7
15 1 7 1 8 1 9 2 9
23 2 1 3 1 4 1 5 1
11 2 2 3 2
7 2 3 2 4 3 3
20 2 5 3 5 3 4
23 2 8 3 8 3 9
11 3 6 3 7
4 4 2 5 2
15 4 4 4 5 5 5
24 4 6 4 7 4 8
13 4 9 5 9 6 9
15 5 3 5 4
17 5 6 5 7 5 8 6 8
20 6 1 6 2 7 1 7 2
8 6 3 6 4
17 6 5 6 6 6 7 7 6
14 7 3 7 4 8 3
3 7 5 8 5
24 7 7 8 7 8 6
15 7 8 8 8 9 8 9 7
14 7 9 8 9 9 9
21 8 1 8 2 9 2 9 1
17 8 4 9 4 9 3
13 9 5 9 6