2

0 0 7 0 0 0 2 3 0
4 0 2 0 0 3 6 0 0
0 0 3 0 1 0 0 0 0
5 3 0 6 0 0 0 2 8
0 2 0 0 0 0 0 0 0
0 7 8 0 0 5 0 0 3
0 8 0 5 0 0 0 0 9
0 0 0 0 0 0 0 0 0
3 0 5 0 8 0 4 0 2

6 1 1 1 2
20 1 3 1 4 2 3 3 3
15 1 5 1 6
16 1 7 2 7 2 6 2 5
8 1 8 1 9 2 9
12 2 1 3 1
18 2 2 3 2 4 2
12 2 4 3 4 3 5
24 2 8 3 8 3 9
8 3 6 3 7 4 6
16 4 1 5 1 5 2
17 4 3 4 4 4 5
16 4 7 5 7
16 4 8 4 9 5 9
6 5 3 5 4 6 4
13 5 5 6 5
14 5 6 6 6 6 7
21 5 8 6 8 6 9 7 9
21 6 1 6 2 6 3
15 7 1 7 2
20 7 3 7 4 8 3
6 7 5 8 5 8 4
8 7 6 7 7 7 8
7 8 1 8 2 9 2
13 8 6 9 6
14 8 7 8 8
14 8 9 9 9 9 8
14 9 3 9 4