2

0 0 0 0 6 0 0 5 8
0 0 0 5 7 1 0 0 0
0 5 0 0 0 0 0 0 0
0 0 0 4 0 0 0 0 0
0 9 0 0 0 0 0 0 1
4 0 2 0 0 3 0 0 0
0 0 0 0 8 0 0 0 0
0 2 0 0 0 0 0 0 0
0 3 0 0 0 5 0 0 4

6 1 1 1 2
23 1 3 1 4 2 4 3 4
23 1 6 1 7 1 8 1 9
22 2 1 2 2 3 2
4 2 3 3 3
14 2 5 2 6 3 5 4 5
11 2 7 3 7
10 2 8 2 9
15 3 1 4 1 4 2
8 3 6 4 6
10 3 8 3 9
20 4 3 5 3 6 3 6 2
17 4 4 5 4 5 5 6 4
16 4 7 4 8
12 4 9 5 9 5 8 6 8
21 5 1 6 1 7 1 5 2
20 5 6 6 6 6 5
12 5 7 6 7
8 6 9 7 9 7 8
20 7 2 8 2 9 2 9 3
21 7 3 7 4 7 5
10 7 6 7 7
8 8 1 9 1
16 8 3 8 4 9 4
4 8 5 9 5
9 8 6 8 7
20 8 8 8 9 9 9
19 9 6 9 7 9 8