2

0 0 0 0 0 0 0 0 0
0 0 0 6 0 0 0 0 0
1 0 0 0 0 0 6 0 0
2 0 1 0 0 0 0 0 0
9 0 0 0 0 0 0 0 0
0 0 0 0 0 2 0 6 0
0 0 0 0 0 0 1 0 0
8 0 0 0 0 0 0 0 0
0 0 0 7 0 0 0 0 0

27 1 1 1 2 1 3 2 1
18 1 4 1 5 2 5 3 5
5 1 6 1 7
15 1 8 2 8 3 8 4 8
24 1 9 2 9 3 9 4 9
24 2 2 2 3 3 3 3 4
13 2 6 2 7
18 3 2 4 2 5 2 5 3
20 3 6 4 6 5 6
25 4 4 4 5 5 5 6 5
17 4 7 5 7 6 7
18 5 4 6 4 7 4 8 4
25 5 8 5 9 6 9 7 9 7 8
20 6 1 6 2 6 3 7 1
9 7 2 7 3
17 7 5 7 6 8 6
8 8 2 8 3
8 8 5 9 5 9 6
5 8 7 8 8
23 8 9 9 9 9 8 9 7
17 9 1 9 2 9 3